### exported: Wed Dec  9 10:15:29 2015
### from:     Arnold 4.2.11.2 linux clang-3.6.0 glibc-2.12 oiio-1.5.20 rlm-11.3.1 2015/12/07 08:34:29
### host app: Blender 2.76.0



options
{
 AA_samples 3
 outputs 1 1 STRING
  "RGBA RGB filter driver"
 # xres 500
 # yres 500
 xres 4096
 yres 2048
 bucket_scanning "hilbert"
 # camera "CAcam4"
 camera "CAbake"
 background "sun_sky"
 # background "PhysicalSky"
 shader_searchpath "/mill3d/users/jan/Graphics/Rendering/Arnold/shaders/current"
 texture_gamma 2.20000005
 GI_diffuse_depth 1 # 2
 GI_glossy_depth 1
 GI_reflection_depth 6
 GI_refraction_depth 6
 GI_total_depth 12
 GI_diffuse_samples 7
 GI_glossy_samples 2
 GI_refraction_samples 2
 GI_single_scatter_samples 5
}

cyl_camera
{
 name CAbake
 horizontal_fov 360
 vertical_fov 140
 position 0 0 0
 look_at 0 -1 0
 up 0 0 1
 # matrix
 # 0.172380283 0.985030472 0 0
 # 0 0 1 0
 # 0.985030472 -0.172380283 0 0
 # 25 2.5 2.7249999 1
}

persp_camera
{
 name CAcam4
 fov 45.0000038
 matrix
 0.172380283 0.985030472 0 0
 0 0 1 0
 0.985030472 -0.172380283 0 0
 25 2.5 2.7249999 1
}

persp_camera
{
 name CAcam3
 fov 45.0000038
 matrix
 0 1 0 0
 -0.258036047 0 0.966135323 0
 0.966135263 0 0.258036017 0
 7.6170001 0.987999976 2.86999989 1
}

persp_camera
{
 name CAcam2
 fov 45.0000038
 matrix
 0.0685600266 0.997647047 -4.65661343e-10 0
 0.0941538364 -0.00647041434 0.995536566 0
 0.993194103 -0.0682540163 -0.0943759009 0
 3.93199992 0.916000009 0.893000007 1
}

persp_camera
{
 name CAcam1
 fov 45.0000038
 matrix
 0.44721365 0.894427299 0 0
 -0.365148395 0.182574198 0.912870944 0
 0.816496551 -0.408248276 0.408248276 0
 2.25 0.375 1 1
}

gaussian_filter
{
 name filter
}

driver_exr
{
 name driver
 filename "arnold.exr"
 half_precision on
}

driver_exr
{
 name driver_emission
 filename "arnold_aov_emission.exr"
}

driver_exr
{
 name driver_direct_diffuse
 filename "arnold_aov_direct_diffuse.exr"
}

driver_exr
{
 name driver_direct_specular
 filename "arnold_aov_direct_specular.exr"
}

driver_exr
{
 name driver_reflection
 filename "arnold_aov_reflection.exr"
}

driver_exr
{
 name driver_refraction
 filename "arnold_aov_refraction.exr"
}

driver_exr
{
 name driver_indirect_diffuse
 filename "arnold_aov_indirect_diffuse.exr"
}

driver_exr
{
 name driver_indirect_specular
 filename "arnold_aov_indirect_specular.exr"
}

# aaPhysicalSky
# {
#  name PhysicalSky
#  y_is_up off
#  turbidity 2
#  multiplier 1
#  sun_dir_x 4.21408987
#  sun_dir_y -5.9355998
#  sun_dir_z 6.85639
#  ground_color 0.611 0.392 0.262 1 # 0.28 0.18 0.12 1
#  sun_intensity 1
# }

# distant_light
# {
#  name sun
#  angle .1
#  matrix
#  0.815394998 0.578904927 0 0
#  -0.396919876 0.559066772 0.727941692 0
#  0.421409011 -0.59356004 0.685639083 0
#  4.21408987 -5.9355998 6.85639 1
#  color 1 1 1
#  intensity 10
#  cast_shadows on
#  samples 1
#  affect_diffuse on
#  affect_specular on
# }

physical_sky
{
 name sun_sky
 turbidity 2
 elevation 43.2858849
 azimuth -54.6264381
 sun_direction 0 1 0
 sun_size 1.0
 intensity 1
 X 1 0 0
 Y 0 0 1
 Z 0 1 0
}

skydome_light
{
 name sun_skydome
 resolution 4096
 color sun_sky
 intensity 1
 samples 6
}

# polymesh
# {
#  name MEwindow
#  nsides 6 1 UINT
# 4 4 4 4 4 4
#  vidxs 24 1 UINT
#   1 0 4 5 5 6 2 1 6 7 3 2 0 3 7 4 0 1 2 3 7 6 5 4
#  shidxs 6 1 BYTE
# 0 0 0 0 0 0
#  vlist 8 1 POINT
# 0 0 0 0 1 0 1 1 0 1 0 0 0 0 1 0 1 1 1 1 1 1 0 1
#  matrix
#  0.00999999046 0 0 0
#  0 0.75 0 0
#  0 0 0.75 0
#  2.99000001 0.625 0.625 1
#  shader "MAwindow_glass"
#  opaque off
# }

# standard
# {
#  name MAwindow_glass
#  Kd 0
#  Kd_color 0.959999979 0.959999979 0.959999979
#  Ks 0
#  Ks_color 1 1 1
#  specular_roughness 0
#  Kr 0.119999997
#  Kr_color 1 1 1
#  Kt 0.879999995
#  Kt_color 1 1 1
#  IOR 1.51999998
# }

# sphere
# {
#  name CUfixture
#  radius 0.125
#  visibility 253
#  matrix
#  1 0 0 0
#  0 1 0 0
#  0 0 1 0
#  2 1 1.5 1
#  shader "MAbright"
#  opaque on
# }

# ray_switch
# {
#  name MAbright
#  camera 10 10 10 1
#  shadow 0 0 0 1
#  reflection 0 0 0 1
#  refraction 0 0 0 1
#  diffuse 10 10 10 1
#  glossy 10 10 10 1
# }

# # ass_constant
# # {
# #  name MAbright
# #  Color 10 10 10
# # }

# point_light
# {
#  name LAfixture
#  radius 0.125
#  matrix
#  1 0 0 0
#  0 1 0 0
#  0 0 1 0
#  2 1 1.5 1
#  color 1 1 1
#  intensity 3
#  samples 3
# }

# polymesh
# {
#  name MEbuilding
#  nsides 6 1 UINT
# 4 4 4 4 4 4
#  vidxs 24 1 UINT
#   1 0 4 5 5 6 2 1 6 7 3 2 0 3 7 4 0 1 2 3 7 6 5 4
#  shidxs 6 1 BYTE
# 0 0 0 0 0 0
#  vlist 8 1 POINT
# 0 0 0 0 1 0 1 1 0 1 0 0 0 0 1 0 1 1 1 1 1 1 0 1
#  matrix
#  10 0 0 0
#  0 10 0 0
#  0 0 2 0
#  10 5 0 1
#  shader "MAreflect20"
#  opaque on
# }

# standard
# {
#  name MAreflect20
#  Kd 0
#  Kd_color 0.150000006 0.200000003 0.200000003
#  Ks 1
#  Ks_color 0.150000006 0.200000003 0.200000003
#  specular_roughness 0
#  Kr 1
#  Kr_color 0.150000006 0.200000003 0.200000003
#  enable_glossy_caustics true
#  enable_reflective_caustics true
# }

# disk
# {
#  name CUgroundplane
#  radius 30
#  hole 0
#  matrix
#  1 0 0 0
#  0 1 0 0
#  0 0 1 0
#  0 0 -0.00999999978 1
#  shader "MAground_mat"
#  opaque on
# }

# standard
# {
#  name MAground_mat
#  Kd 1
#  Kd_color 0.280000001 0.180000007 0.119999997
#  Ks 0
#  Ks_color 1 1 1
#  enable_glossy_caustics true
#  enable_reflective_caustics true
# }

# polymesh
# {
#  name MEbox
#  nsides 6 1 UINT
# 4 4 4 4 4 4
#  vidxs 24 1 UINT
#   1 0 4 5 5 6 2 1 6 7 3 2 0 3 7 4 0 1 2 3 7 6 5 4
#  shidxs 6 1 BYTE
# 0 0 0 0 0 0
#  vlist 8 1 POINT
# 0 0 0 0 1 0 1 1 0 1 0 0 0 0 1 0 1 1 1 1 1 1 0 1
#  matrix
#  0.482962847 0.129409447 0 0
#  -0.129409447 0.482962847 0 0
#  0 0 0.5 0
#  0.5 0.75 0 1
#  shader "MAblue_plastic"
#  opaque on
# }

# standard
# {
#  name MAblue_plastic
#  Kd 0.949999988
#  Kd_color 0.100000001 0.100000001 0.600000024
#  Ks 0.0500000007
#  Ks_color 1 1 1
#  specular_roughness 0.316227764
# }

# polymesh
# {
#  name MEroom
#  nsides 9 1 UINT
#   4 4 4 4 4 4 4 4 4
#  vidxs 36 1 UINT
#   0 1 2 3 6 8 9 5 10 4 5 9 11 7 4 10 8 6 7 11 12 13 14 15 16 17 18 19 20 21 22 23 24
#   25 26 27
#  shidxs 9 1 BYTE
#   0 1 1 1 1 1 2 1 1
#  vlist 28 1 POINT
#   3 2 1.75 3 0 1.75 0 0 1.75 0 2 1.75 3 2 1.75 3 2 0 3 0 0 3 0 1.75 3 0.625 0.625 3 1.375 0.625
#   3 1.375 1.375 3 0.625 1.375 3 2 1.75 0 2 1.75 0 2 0 3 2 0 0 0 0 3 0 0 3 2 0 0 2 0
#   0 0 0 0 2 0 0 2 1.75 0 0 1.75 0 0 0 0 0 1.75 3 0 1.75 3 0 0
#  matrix
#  1 0 0 0
#  0 1 0 0
#  0 0 1 0
#  0 0 0 1
#  shader 3 1 NODE
# "MAwhite" "MAgray_paint" "MAbrown"
#  opaque on
# }

# standard
# {
#  name MAwhite
#  Kd 1
#  Kd_color 0.699999988 0.699999988 0.699999988
#  Ks 0
#  Ks_color 1 1 1
# }

# standard
# {
#  name MAgray_paint
#  Kd 1
#  Kd_color 0.5 0.5 0.5
#  Ks 0
#  Ks_color 1 1 1
# }

# standard
# {
#  name MAbrown
#  Kd 1
#  Kd_color 0.200000003 0.100000001 0.100000001
#  Ks 0
#  Ks_color 1 1 1
# }

# cylinder
# {
#  name CUfixture_support
#  bottom 0 0 0
#  top 0 0 1
#  radius 1
#  matrix
#  0.0500000119 0 0 0
#  0 0.0500000119 0 0
#  0 0 0.149999976 0
#  2 1 1.60000002 1
#  shader "MAchrome"
#  opaque on
# }

# standard
# {
#  name MAchrome
#  Kd 0.100000001
#  Kd_color 0.800000012 0.800000012 0.800000012
#  Ks 0
#  Ks_color 1 1 1
#  specular_roughness 0
#  Kr 0.899999976
#  Kr_color 0.800000012 0.800000012 0.800000012
# }

# sphere
# {
#  name CUball
#  radius 1
#  matrix
#  0.125 0 0 0
#  0 0.125 0 0
#  0 0 0.125 0
#  0.699999988 1.125 0.625 1
#  shader "MAcrystal"
#  opaque off
# }

# standard
# {
#  name MAcrystal
#  Kd 0
#  Kd_color 0.5 0.5 0.5
#  Ks 0
#  Ks_color 1 1 1
#  specular_roughness 0
#  Kr 0.0799999982
#  Kr_color 1 1 1
#  Kt 0.920000017
#  Kt_color 1 1 1
#  IOR 1.5
# }

